# Number of parameters = 63 Objective function value = 4710.15870182328  Maximum gradient component = 8.23198681823786e-06
# log_L50:
 1.13011661160507 1.13694848576557
# log_sigma1:
 -4.25422568037746 -4.39248655971944
# log_sigma2:
 9.20000000000000 9.20000000000000
# log_Ro:
5.01207781835
# dev_log_Ro:
 0.957443374982 0.373630181099 -0.288021781600 -0.00247137160975 0.0513863828572 0.0997914563889 0.168453611904 0.307901575719 0.0709704967996 -0.527814383990 0.249097113003 -0.0667235430525 0.556696364691 0.164657203867 0.378963394041 0.276755666256 -0.0797023364754 0.0197842368639 -0.436174078332 0.213285895946 -0.165391214757 -0.0328261811085 -0.180120595979 -0.703190490843 -0.703190487597 -0.703190489073
# dev_log_No:
 0.00000000000 0.00000000000 0.00000000000 0.00000000000 0.00000000000 0.00000000000 0.00000000000 0.00000000000 0.00000000000 0.00000000000 0.00000000000 0.00000000000
# log_F:
 -1.51909725112 -2.28324301991 -1.80748486866 -1.38031478550 -0.813507982093 -0.399077361085 0.0511724511054 0.0371200846063 0.0811266759761 0.215323356888 -0.195248449897 -0.560772883756 -0.212241897177 -0.365298619573 -0.635642536720 -0.435775530657 -0.222600201808 -0.165493163905 -0.155377316947 -0.173540696366 -0.427823628770 -0.0973902859031 -0.128401787548 0.0687059145825 -0.448526249023 -0.542173945693
# log_qflo:
 -6.40075267847 -5.20821468649 -4.67794959977 -4.57887630071 -4.46779394888
# log_b:
0.00000000000
# log_Lo:
4.01434539881
# log_cv_edad:
-2.30258509299
