# Number of parameters = 63 Objective function value = 4677.83447733618  Maximum gradient component = 0.000116907361572459
# log_L50:
 1.38539362117805 1.27795218787349
# log_sigma1:
 -3.09754128922170 -3.27769318408802
# log_sigma2:
 9.20000000000000 9.20000000000000
# log_Ro:
5.31006317034
# dev_log_Ro:
 1.04728779785 0.505295245947 -0.207567811995 0.0319429035888 -0.00300880822388 -0.00803532404633 0.0528084637904 0.173312259385 -0.0401827549432 -0.528688840292 0.0891446624547 -0.131334726287 0.388370276951 0.0956076707651 0.240740453241 0.140171584899 -0.161676116341 -0.127841741552 -0.466685159102 0.0420438954551 -0.249395707937 -0.162626315047 -0.193547210466 -0.175378241935 -0.175378209805 -0.175378246354
# dev_log_No:
 0.00000000000 0.00000000000 0.00000000000 0.00000000000 0.00000000000 0.00000000000 0.00000000000 0.00000000000 0.00000000000 0.00000000000 0.00000000000 0.00000000000
# log_F:
 -1.32429903250 -2.06364935915 -1.58482706176 -1.29562959744 -0.771406142359 -0.337215243816 0.0967169178807 0.0540697611381 0.0913741267020 0.215317027283 -0.195778126500 -0.566635975100 -0.258309737631 -0.378129886257 -0.678903943564 -0.444221574099 -0.258101490074 -0.194594021860 -0.173652808246 -0.214991415850 -0.442793601284 -0.154940957567 -0.143902064987 0.0131807280815 -0.511037461078 -0.674654704998
# log_qflo:
 -6.23385854515 -5.15112779388 -4.67261129556 -4.60552692517 -4.51527665920
# log_b:
0.00000000000
# log_Lo:
4.02206577926
# log_cv_edad:
-2.30258509299
