# Number of parameters = 63 Objective function value = 4735.82393163130  Maximum gradient component = 0.0619404147228738
# log_L50:
 1.11831990303772 1.21268097168077
# log_sigma1:
 -5.19837023962206 -2.98175898404955
# log_sigma2:
 9.20000000000000 9.20000000000000
# log_Ro:
4.85705875587
# dev_log_Ro:
 0.935991271409 0.281501202590 -0.324632928703 -0.0231910210599 0.0832925313873 0.176741566222 0.241340811640 0.401212036967 0.154130428853 -0.549751539985 0.371851486810 -0.0418530542100 0.687139307428 0.184253808483 0.475489509659 0.370921459982 -0.0365687491448 0.140238911147 -0.452207113562 0.342811015085 -0.132712023693 0.0712749103437 -0.177788126353 -1.05980901467 -1.05985216660 -1.05982452003
# dev_log_No:
 0.00000000000 0.00000000000 0.00000000000 0.00000000000 0.00000000000 0.00000000000 0.00000000000 0.00000000000 0.00000000000 0.00000000000 0.00000000000 0.00000000000
# log_F:
 -1.60510533469 -2.38115019471 -1.90682663422 -1.43427798252 -0.845420259637 -0.443285743730 0.0104172001171 0.0113824601435 0.0530580812643 0.195283489317 -0.217292726634 -0.583321466678 -0.204776751172 -0.389802114971 -0.627932501482 -0.461725497417 -0.218887773965 -0.168785255804 -0.168884216702 -0.165650606588 -0.450382898077 -0.0774235571738 -0.150664968817 0.0822865479567 -0.443001053190 -0.481274535910
# log_qflo:
 -6.48234425419 -5.25467725611 -4.70429612805 -4.58845938811 -4.46223426859
# log_b:
0.00000000000
# log_Lo:
4.00966039097
# log_cv_edad:
-2.30258509299
