# Number of parameters = 63 Objective function value = 4807.77769018194  Maximum gradient component = 197.663753924466
# log_L50:
 1.36947357312172 1.59232978684491
# log_sigma1:
 -387.027380048401 -0.253303758113945
# log_sigma2:
 9.20000000000000 9.20000000000000
# log_Ro:
4.36645140811
# dev_log_Ro:
 1.55147388015 -0.753700219094 0.141931099334 0.212025909474 0.468867713865 -0.490154164346 1.14975907668 0.0308767586234 0.856689352761 -1.29874548103 1.04141036840 -0.504570600472 1.10256092332 1.00674771438 -0.452257503452 1.22066845570 -1.00119218278 0.837498176395 -1.13801778119 1.01620346294 -0.958274130275 0.806898125372 -0.684438234678 -1.39889623477 -1.38358308672 -1.37978139858
# dev_log_No:
 0.00000000000 0.00000000000 0.00000000000 0.00000000000 0.00000000000 0.00000000000 0.00000000000 0.00000000000 0.00000000000 0.00000000000 0.00000000000 0.00000000000
# log_F:
 -1.57344999529 -2.34629807066 -1.85673632456 -1.50722014198 -0.814088362061 -0.461455327775 -0.0138159778896 -0.0729640712555 0.699999990738 0.499914698408 0.294154147145 -0.136439203941 0.0359662890150 -0.00914836799557 -0.386924624906 -0.0111196378119 -0.147060921143 0.152466166974 0.107842740203 0.0375458674186 -0.135417554107 0.0400133250899 0.114001940189 0.288079520369 -0.163506239779 -0.190800394364
# log_qflo:
 -6.47536060312 -5.30614278660 -4.20842571424 -4.25517370485 -4.22629731171
# log_b:
0.00000000000
# log_Lo:
4.00733318523
# log_cv_edad:
-2.30258509299
