# Number of parameters = 62 Objective function value = 19435.3308186748  Maximum gradient component = 9.13209907208923e-05
# log_L50:
 1.14082552400938 1.38628161792858
# log_sigma1:
 -3.94219637712616 -2.67890166642400
# log_sigma2:
 9.20000000000000 9.20000000000000
# log_Ro:
4.81500000000
# dev_log_Ro:
 1.12691060115 0.253163779747 0.156591763156 -0.0521238194764 -0.00600240397540 0.343337159632 0.285451110398 0.391662888210 0.282115863183 -0.791732586254 0.563207565405 -0.0367432694852 0.763028349178 0.217306638386 0.473521454233 0.493539069380 -0.371979507950 0.339887187298 -0.841825673192 0.479458753118 -0.408529041521 0.190356867184 -0.0241140587888 -1.27549622212 -1.27549620939 -1.27549625751
# dev_log_No:
 0.00000000000 0.00000000000 0.00000000000 0.00000000000 0.00000000000 0.00000000000 0.00000000000 0.00000000000 0.00000000000 0.00000000000 0.00000000000 0.00000000000
# log_F:
 -1.43811314209 -2.27466985867 -1.78334091083 -1.36695223922 -0.731450838077 -0.398489368137 0.0993583648491 0.253689517823 0.149139412282 0.283704229844 -0.0945637364023 -0.550447713920 -0.0233930691470 -0.419832610556 -0.643926942116 -0.499938921066 -0.269820618796 -0.196427697719 -0.279728155914 -0.0824235457965 -0.523532222076 0.0341269430061 -0.181879734677 0.298629492459 -0.353569632188 -0.496264695681
# log_qflo:
 -6.42060161623 -5.13978499358 -4.61165148108 -4.56099070170 -4.43793650523
# log_b:
0.00000000000
# log_Lo:
4.01075539756
# log_cv_edad:
-2.30258509299
