# Number of parameters = 62 Objective function value = 19432.2755872221  Maximum gradient component = 6.39255356528777e-05
# log_L50:
 1.12860845275892 1.38629432241453
# log_sigma1:
 -4.29840919583837 -6.06652256918950
# log_sigma2:
 9.20000000000000 9.20000000000000
# log_Ro:
4.79000000000
# dev_log_Ro:
 1.19405071294 0.221994892275 0.197524244872 -0.0260198569050 0.0188955830869 0.365224019891 0.307521878729 0.411413232861 0.305463335639 -0.786162300173 0.581118130019 -0.0259614151339 0.784669985846 0.229786982135 0.493253493005 0.515960396940 -0.362678329652 0.365358443207 -0.844995874275 0.502184940934 -0.398405706922 0.201063773721 -0.0204322067090 -1.41027611692 -1.41027613030 -1.41027610910
# dev_log_No:
 0.00000000000 0.00000000000 0.00000000000 0.00000000000 0.00000000000 0.00000000000 0.00000000000 0.00000000000 0.00000000000 0.00000000000 0.00000000000 0.00000000000
# log_F:
 -1.41445813672 -2.24571176155 -1.75259197468 -1.36466268151 -0.722695418770 -0.393624874428 0.104389392992 0.260400596148 0.155432169491 0.289594301823 -0.0886672491040 -0.548741921977 -0.0153427197301 -0.414183023738 -0.633921907393 -0.496642963799 -0.262861264433 -0.190473998242 -0.277380858968 -0.0736897158931 -0.522268238215 0.0456049486512 -0.178910388458 0.309796865509 -0.337492150413 -0.471312799435
# log_qflo:
 -6.39731452733 -5.12836836931 -4.60516686264 -4.55304803210 -4.42702776514
# log_b:
0.00000000000
# log_Lo:
4.01136991154
# log_cv_edad:
-2.30258509299
