# Number of parameters = 62 Objective function value = 19434.1761390580  Maximum gradient component = 100486.963557213
# log_L50:
 1.38629436111990 1.49412053232202
# log_sigma1:
 -32.8741560036107 -1.56427210953727
# log_sigma2:
 9.20000000000000 9.20000000000000
# log_Ro:
4.84000000000
# dev_log_Ro:
 1.53251447658 -0.264124254617 0.320439176349 0.329551717980 -1.05744400556 1.00480407197 -0.0669347987980 0.672212495586 -1.13719183921 0.469864033345 0.416072379904 0.594443414165 0.458712245379 0.509602729208 0.633732687584 -0.193966511178 0.412037989898 -0.438155355972 0.329189739020 0.0342000232751 0.0666815273361 0.198266371963 -1.43827932406 -1.12874299722 -1.12874299646 -1.12874299647
# dev_log_No:
 0.00000000000 0.00000000000 0.00000000000 0.00000000000 0.00000000000 0.00000000000 0.00000000000 0.00000000000 0.00000000000 0.00000000000 0.00000000000 0.00000000000
# log_F:
 -1.24615402882 -2.06131703387 -1.57020137481 -0.813334416575 -0.733826724534 -0.286672308249 0.159716128761 0.142994715857 0.699999998061 0.0940693862993 0.129162365673 -0.557934245989 -0.0462858421524 -0.236611473225 -0.743142797872 -0.403228869592 -0.260193448906 -0.169031778487 -0.222228011055 -0.100350934366 -0.447052839489 -0.0955120803928 -0.0114949220148 0.197161159636 -0.256972624525 -0.435566048609
# log_qflo:
 -6.15057602261 -5.08263927360 -4.45646197412 -4.52284693375 -4.41583176463
# log_b:
0.00000000000
# log_Lo:
3.91206981507
# log_cv_edad:
-2.30258509299
