# Number of parameters = 62 Objective function value = 19436.7070684501  Maximum gradient component = 0.0179968571575703
# log_L50:
 1.09902985208455 1.38629432945465
# log_sigma1:
 -11.3004158320747 -6.16551944069110
# log_sigma2:
 9.20000000000000 9.20000000000000
# log_Ro:
4.82500000000
# dev_log_Ro:
 1.10084635218 0.261281827670 0.141458858563 -0.0628200498297 -0.0159852735195 0.334595308793 0.276615389986 0.383772309941 0.272816369977 -0.794061743344 0.556126288640 -0.0410618496281 0.754427141237 0.212307210499 0.465640812067 0.484617628745 -0.375786249281 0.329830339638 -0.840939591127 0.470463255640 -0.412636243418 0.186277372037 -0.0253911048884 -1.22079806492 -1.22079667637 -1.22079961929
# dev_log_No:
 0.00000000000 0.00000000000 0.00000000000 0.00000000000 0.00000000000 0.00000000000 0.00000000000 0.00000000000 0.00000000000 0.00000000000 0.00000000000 0.00000000000
# log_F:
 -1.44752463512 -2.28618103211 -1.79552127122 -1.36846579953 -0.734754498514 -0.400546148369 0.0972706584111 0.250887545694 0.146509552969 0.281252892289 -0.0969948227444 -0.551214932196 -0.0266947142868 -0.422195865254 -0.648003466389 -0.501344682857 -0.272679014984 -0.198873104050 -0.280749292364 -0.0859704526233 -0.524190120017 0.0294510684774 -0.183220149405 0.293984012123 -0.360292314673 -0.506555039577
# log_qflo:
 -6.42999458702 -5.14454067621 -4.61435242887 -4.56426250612 -4.44245357952
# log_b:
0.00000000000
# log_Lo:
4.01049990737
# log_cv_edad:
-2.30258509299
