# Number of parameters = 62 Objective function value = 19428.4863677622  Maximum gradient component = 0.000412637308493640
# log_L50:
 1.09861353019426 1.38591537643229
# log_sigma1:
 -14.5580367912164 -2.84186442465984
# log_sigma2:
 9.20000000000000 9.20000000000000
# log_Ro:
4.75000000000
# dev_log_Ro:
 1.31035181184 0.118544983044 0.276333277064 0.0128750907093 0.0586154190482 0.400382802187 0.342834811089 0.443157167776 0.343051536866 -0.777654157859 0.610492238920 -0.00855845646649 0.819651531463 0.249874062399 0.524924842436 0.552119331762 -0.348176940030 0.407023136199 -0.852663243353 0.539218690110 -0.382565368709 0.219917456172 -0.0127595812131 -1.61566348054 -1.61566348043 -1.61566348048
# dev_log_No:
 0.00000000000 0.00000000000 0.00000000000 0.00000000000 0.00000000000 0.00000000000 0.00000000000 0.00000000000 0.00000000000 0.00000000000 0.00000000000 0.00000000000
# log_F:
 -1.37614989596 -2.19875521515 -1.70235461116 -1.36717844044 -0.706371148654 -0.387005161418 0.111775528934 0.270107997286 0.164510648840 0.298135171505 -0.0799443376484 -0.546701795664 -0.00329468654233 -0.406118573255 -0.618758367284 -0.492135919815 -0.252490050862 -0.181612300080 -0.274308561114 -0.0603457863114 -0.521465828644 0.0630324717907 -0.175407357589 0.326110944485 -0.314353822313 -0.434348470402
# log_qflo:
 -6.36079548648 -5.11180886202 -4.59576360467 -4.54126946730 -4.41102232174
# log_b:
0.00000000000
# log_Lo:
4.01226086311
# log_cv_edad:
-2.30258509299
