# Number of parameters = 62 Objective function value = 19437.4288364544  Maximum gradient component = 8.95445916225245e-06
# log_L50:
 1.09861682189322 1.38565350831407
# log_sigma1:
 -13.2841240032308 -3.86259015555589
# log_sigma2:
 9.20000000000000 9.20000000000000
# log_Ro:
4.83000000000
# dev_log_Ro:
 1.08795170970 0.264592442937 0.134116560557 -0.0682161994533 -0.0209818394157 0.330219325789 0.272197458590 0.379826529244 0.268175657892 -0.795247448845 0.552605067398 -0.0432299250184 0.750140382957 0.209804394277 0.461707861929 0.480164780713 -0.377702307794 0.324830091849 -0.840569423433 0.465985773191 -0.414701649952 0.184286367414 -0.0259847520638 -1.19332361960 -1.19332361943 -1.19332361943
# dev_log_No:
 0.00000000000 0.00000000000 0.00000000000 0.00000000000 0.00000000000 0.00000000000 0.00000000000 0.00000000000 0.00000000000 0.00000000000 0.00000000000 0.00000000000
# log_F:
 -1.45222091779 -2.29192266621 -1.80158799381 -1.36933255759 -0.736371456817 -0.401595750368 0.0962108023392 0.249460061505 0.145177610896 0.280009521300 -0.0982215092908 -0.551615684327 -0.0283585211211 -0.423400385299 -0.650050997936 -0.502065233307 -0.274120471819 -0.200109896873 -0.281275861520 -0.0877543852573 -0.524552142438 0.0270950313345 -0.183923975343 0.291626439338 -0.363720453546 -0.511772882282
# log_qflo:
 -6.43470235484 -5.14696090152 -4.61572069259 -4.56591080600 -4.44474584339
# log_b:
0.00000000000
# log_Lo:
4.01037015971
# log_cv_edad:
-2.30258509299
