# Number of parameters = 62 Objective function value = 19438.1732288378  Maximum gradient component = 0.385768443576539
# log_L50:
 1.11485383452600 1.38627145949558
# log_sigma1:
 -17.0600032331559 -5.38961644787958
# log_sigma2:
 9.20000000000000 9.20000000000000
# log_Ro:
4.83500000000
# dev_log_Ro:
 1.07516537731 0.267587721357 0.126905229886 -0.0736408675900 -0.0259652486206 0.325942677568 0.267748754054 0.375894531942 0.263545170103 -0.796459096968 0.549066152920 -0.0453417716199 0.745833244223 0.207319532826 0.457706528905 0.475781422406 -0.379788035641 0.319865249735 -0.840374401801 0.461554386188 -0.416806544484 0.182200342484 -0.0265665090240 -1.16588645583 -1.16551390743 -1.16577348290
# dev_log_No:
 0.00000000000 0.00000000000 0.00000000000 0.00000000000 0.00000000000 0.00000000000 0.00000000000 0.00000000000 0.00000000000 0.00000000000 0.00000000000 0.00000000000
# log_F:
 -1.45690541759 -2.29764390018 -1.80764040261 -1.37027247678 -0.737980111997 -0.402658661321 0.0951617983967 0.248060887120 0.143756860329 0.278722109677 -0.0994732978422 -0.552023164273 -0.0300670337841 -0.424584213799 -0.652170201222 -0.502784762371 -0.275586133624 -0.201310372937 -0.281828626271 -0.0895074910777 -0.524904665222 0.0247846072983 -0.184645344915 0.289214628514 -0.367041803426 -0.516889481213
# log_qflo:
 -6.43944130329 -5.14934121413 -4.61715741728 -4.56764415584 -4.44703247033
# log_b:
0.00000000000
# log_Lo:
4.01024075562
# log_cv_edad:
-2.30258509299
