# Number of parameters = 62 Objective function value = 19431.2041928264  Maximum gradient component = 0.000101739454638743
# log_L50:
 1.10909125938351 1.38629433854320
# log_sigma1:
 -5.38509568769685 -6.14198900581583
# log_sigma2:
 9.20000000000000 9.20000000000000
# log_Ro:
4.78000000000
# dev_log_Ro:
 1.22189814384 0.203834249918 0.215422116424 -0.0159015971850 0.0288350561123 0.373992669958 0.316347055894 0.419327165770 0.314838893414 -0.784016136882 0.588373380681 -0.0216453383541 0.793379776845 0.234781316524 0.501160433662 0.524971651832 -0.359028848629 0.375676827887 -0.846640857765 0.511369689574 -0.394414298150 0.205565452712 -0.0187430867536 -1.46312797486 -1.46312767912 -1.46312806336
# dev_log_No:
 0.00000000000 0.00000000000 0.00000000000 0.00000000000 0.00000000000 0.00000000000 0.00000000000 0.00000000000 0.00000000000 0.00000000000 0.00000000000 0.00000000000
# log_F:
 -1.40494017137 -2.23405065088 -1.74016289173 -1.36446117048 -0.718937605494 -0.391813576712 0.106319313672 0.262956652188 0.157828137844 0.291843766109 -0.0863916128785 -0.548148973922 -0.0122179846186 -0.412041539274 -0.630011896270 -0.495420325334 -0.260165209675 -0.188169261319 -0.276529173232 -0.0702640258888 -0.521923033262 0.0500918608015 -0.177884448413 0.314072263898 -0.331381688769 -0.461686270142
# log_qflo:
 -6.38808714274 -5.12401174921 -4.60269080247 -4.54997898108 -4.42283858599
# log_b:
0.00000000000
# log_Lo:
4.01160465195
# log_cv_edad:
-2.30258509299
