# Number of parameters = 62 Objective function value = 19434.0432884604  Maximum gradient component = 0.292699876967051
# log_L50:
 1.10636829266528 1.38629329654595
# log_sigma1:
 -9.56829171916916 -6.13165896888627
# log_sigma2:
 9.20000000000000 9.20000000000000
# log_Ro:
4.80500000000
# dev_log_Ro:
 1.15337480853 0.242807790847 0.172401645930 -0.0415995952629 0.00398265942515 0.352102102287 0.294298190164 0.399549031828 0.291440253473 -0.789486095695 0.570321985268 -0.0323835627775 0.771739526098 0.222173899650 0.481436776067 0.502494472430 -0.368159289404 0.349995420055 -0.842933124553 0.488493073690 -0.404454829342 0.194596597471 -0.0227221807758 -1.32986989033 -1.32981069558 -1.32978896949
# dev_log_No:
 0.00000000000 0.00000000000 0.00000000000 0.00000000000 0.00000000000 0.00000000000 0.00000000000 0.00000000000 0.00000000000 0.00000000000 0.00000000000 0.00000000000
# log_F:
 -1.42867849883 -2.26311965785 -1.77109913244 -1.36574695296 -0.728043950005 -0.396502852679 0.101406119494 0.256421804287 0.151678708146 0.286063417805 -0.0921808543348 -0.549738010878 -0.0201123623261 -0.417496835764 -0.639866478730 -0.498651447855 -0.266977420681 -0.194009920792 -0.278765307222 -0.0789558722111 -0.522991246945 0.0387489584960 -0.180643221707 0.303201479481 -0.347061729645 -0.486194987796
# log_qflo:
 -6.41123460093 -5.13516389578 -4.60902281847 -4.55780916078 -4.43353574275
# log_b:
0.00000000000
# log_Lo:
4.01100624288
# log_cv_edad:
-2.30258509299
