# Number of parameters = 62 Objective function value = 19429.7538951769  Maximum gradient component = 6.42274559880525e-05
# log_L50:
 1.09861382811807 1.38617122084808
# log_sigma1:
 -14.3635728298548 -5.45671214625757
# log_sigma2:
 9.20000000000000 9.20000000000000
# log_Ro:
4.76500000000
# dev_log_Ro:
 1.26506005233 0.168118296189 0.244343431110 -0.00117459904851 0.0437295036304 0.387168466334 0.329586496991 0.431221578791 0.328933738506 -0.780844519058 0.599363101433 -0.0151420298403 0.806493701249 0.242295666595 0.513034922405 0.538527835074 -0.353602291472 0.391284253256 -0.849479485751 0.525242984204 -0.388477303085 0.212572917198 -0.0159424060989 -1.54077143516 -1.54077142686 -1.54077144891
# dev_log_No:
 0.00000000000 0.00000000000 0.00000000000 0.00000000000 0.00000000000 0.00000000000 0.00000000000 0.00000000000 0.00000000000 0.00000000000 0.00000000000 0.00000000000
# log_F:
 -1.39059371734 -2.21646574813 -1.72136373693 -1.36511421415 -0.712935780197 -0.389276955709 0.109114855414 0.266636876414 0.161272977823 0.295083982724 -0.0830874298824 -0.547361316231 -0.00765933355828 -0.408977065698 -0.624279495888 -0.493701275579 -0.256239005310 -0.184814380334 -0.275353046349 -0.0652242918826 -0.521584741918 0.0566768256549 -0.176529570898 0.320253229983 -0.322602463164 -0.447694161201
# log_qflo:
 -6.37435919809 -5.11773330815 -4.59912383176 -4.54551824458 -4.41677397690
# log_b:
0.00000000000
# log_Lo:
4.01194273669
# log_cv_edad:
-2.30258509299
