# Number of parameters = 62 Objective function value = 19429.3114093510  Maximum gradient component = 0.000153779964242287
# log_L50:
 1.09861456373524 1.38627896248775
# log_sigma1:
 -13.9563162245122 -5.20401417192840
# log_sigma2:
 9.20000000000000 9.20000000000000
# log_Ro:
4.76000000000
# dev_log_Ro:
 1.27989012462 0.153391400398 0.254628687371 0.00359263788067 0.0486918034885 0.391568235584 0.334001143683 0.435194654542 0.333638245113 -0.779788848860 0.603056655515 -0.0129597421907 0.810875923255 0.244811971253 0.516996602475 0.543055305892 -0.351798002983 0.396517915063 -0.850510776022 0.529891279609 -0.386506891662 0.214981522227 -0.0149284300060 -1.56609713875 -1.56609713875 -1.56609713874
# dev_log_No:
 0.00000000000 0.00000000000 0.00000000000 0.00000000000 0.00000000000 0.00000000000 0.00000000000 0.00000000000 0.00000000000 0.00000000000 0.00000000000 0.00000000000
# log_F:
 -1.38579088168 -2.21057711674 -1.71505224677 -1.36562796172 -0.710818250403 -0.388487131947 0.110017784585 0.267818824461 0.162377108514 0.296123953393 -0.0820198005354 -0.547126924106 -0.00618015153270 -0.407999480677 -0.622412057935 -0.493161422321 -0.254967212335 -0.183727975174 -0.274989654829 -0.0635771806835 -0.521520674681 0.0588247352993 -0.176129015916 0.322244894421 -0.319789342254 -0.443166092116
# log_qflo:
 -6.36981778809 -5.11571602424 -4.59797876567 -4.54407571782 -4.41481855580
# log_b:
0.00000000000
# log_Lo:
4.01205120626
# log_cv_edad:
-2.30258509299
