# Number of parameters = 62 Objective function value = 19430.2167008734  Maximum gradient component = 9.13397142366381e-06
# log_L50:
 1.09861972310851 1.38352610636647
# log_sigma1:
 -12.7756364849107 -2.39199902412294
# log_sigma2:
 9.20000000000000 9.20000000000000
# log_Ro:
4.77000000000
# dev_log_Ro:
 1.25046475035 0.181326141473 0.234397271330 -0.00601665990133 0.0387662140726 0.382772931783 0.325172803940 0.427253015311 0.324231895192 -0.781898693688 0.595685015044 -0.0173157122381 0.802116482471 0.239786220223 0.509074959414 0.534004382240 -0.355407175326 0.386065454253 -0.848487693633 0.520606218710 -0.390450907421 0.210201606482 -0.0169143525375 -1.51514472277 -1.51514472250 -1.51514472227
# dev_log_No:
 0.00000000000 0.00000000000 0.00000000000 0.00000000000 0.00000000000 0.00000000000 0.00000000000 0.00000000000 0.00000000000 0.00000000000 0.00000000000 0.00000000000
# log_F:
 -1.39538580292 -2.22234048085 -1.72765199735 -1.36475619366 -0.714991235908 -0.390096036484 0.108197012464 0.265431817333 0.160145962215 0.294023142611 -0.0841728107668 -0.547609947855 -0.00915985157600 -0.409977415595 -0.626170122162 -0.494258154149 -0.257530308812 -0.185917602558 -0.275731039811 -0.0668890539662 -0.521673256111 0.0545037754911 -0.176955978514 0.318225931111 -0.325474168053 -0.452293400961
# log_qflo:
 -6.37891872672 -5.11978970952 -4.60029173012 -4.54698411050 -4.41876390046
# log_b:
0.00000000000
# log_Lo:
4.01183206362
# log_cv_edad:
-2.30258509299
