# Number of parameters = 62 Objective function value = 19436.0077819068  Maximum gradient component = 4.59465659489603e-06
# log_L50:
 1.20841697591522 1.38614832025350
# log_sigma1:
 -2.92731934217316 -2.25750157460147
# log_sigma2:
 9.20000000000000 9.20000000000000
# log_Ro:
4.82000000000
# dev_log_Ro:
 1.11382913873 0.257482805634 0.148948582633 -0.0574573043154 -0.0109918999820 0.338963772178 0.281034406974 0.387716680003 0.277463285437 -0.792888825209 0.559661952069 -0.0389032111730 0.758724094846 0.214807664537 0.469581389101 0.489074259638 -0.373874723582 0.334849425084 -0.841354061835 0.474954249682 -0.410578718948 0.188304715789 -0.0247646843064 -1.24819433145 -1.24819433096 -1.24819433058
# dev_log_No:
 0.00000000000 0.00000000000 0.00000000000 0.00000000000 0.00000000000 0.00000000000 0.00000000000 0.00000000000 0.00000000000 0.00000000000 0.00000000000 0.00000000000
# log_F:
 -1.44282240996 -2.28043049825 -1.78943931049 -1.36767074328 -0.733114440739 -0.399510985917 0.0983193996742 0.252295925996 0.147833449004 0.282485144833 -0.0957739045799 -0.550825398741 -0.0250380716045 -0.421008080617 -0.645959666533 -0.500635960401 -0.271244594194 -0.197646790389 -0.280232890550 -0.0841938991048 -0.523851072368 0.0317938108473 -0.182539911152 0.296319435707 -0.356912936191 -0.501392006072
# log_qflo:
 -6.42529203868 -5.14215115616 -4.61299397841 -4.56261912689 -4.44018563990
# log_b:
0.00000000000
# log_Lo:
4.01062826369
# log_cv_edad:
-2.30258509299
