# Number of parameters = 62 Objective function value = 19433.4324049915  Maximum gradient component = 0.0762870751421262
# log_L50:
 1.10850780569893 1.38629420530502
# log_sigma1:
 -5.75902799654213 -6.40070432253008
# log_sigma2:
 9.20000000000000 9.20000000000000
# log_Ro:
4.80000000000
# dev_log_Ro:
 1.16681515167 0.236597642758 0.180565361375 -0.0363295107953 0.00894186509954 0.356461046871 0.298677600565 0.403512786493 0.296106366488 -0.788335072310 0.573913022188 -0.0302634182256 0.775973572748 0.224805819622 0.485342354997 0.506982198191 -0.366376762420 0.355107564522 -0.843540589427 0.493062371953 -0.402437282083 0.196684125790 -0.0219850704719 -1.35674330779 -1.35677397888 -1.35676385893
# dev_log_No:
 0.00000000000 0.00000000000 0.00000000000 0.00000000000 0.00000000000 0.00000000000 0.00000000000 0.00000000000 0.00000000000 0.00000000000 0.00000000000 0.00000000000
# log_F:
 -1.42394006339 -2.25732620439 -1.76494172139 -1.36530153075 -0.726293100961 -0.395514846449 0.102413502076 0.257770353786 0.152959243405 0.287300886317 -0.0909906041064 -0.549382087901 -0.0185298803225 -0.416396924660 -0.637904066530 -0.497914471430 -0.265615250653 -0.192820481264 -0.278286100699 -0.0771540819184 -0.522690899420 0.0410578785425 -0.180028089921 0.305404046530 -0.343786453284 -0.481150653695
# log_qflo:
 -6.40659512500 -5.13283367064 -4.60771680284 -4.55620001935 -4.43131816204
# log_b:
0.00000000000
# log_Lo:
4.01112849020
# log_cv_edad:
-2.30258509299
