# Number of parameters = 62 Objective function value = 19439.7304142158  Maximum gradient component = 0.000117395061414337
# log_L50:
 1.09861328304098 1.38618372824338
# log_sigma1:
 -14.7988136632324 -5.37081557171524
# log_sigma2:
 9.20000000000000 9.20000000000000
# log_Ro:
4.84500000000
# dev_log_Ro:
 1.04976069559 0.271966954471 0.112871009034 -0.0845533801841 -0.0359955203453 0.317106100272 0.258931565215 0.367994663925 0.254288276505 -0.798904021012 0.542102274006 -0.0497407956103 0.737327293757 0.202283649323 0.449914454019 0.466851523092 -0.383537723916 0.309939813966 -0.839776675835 0.452633534280 -0.420940431910 0.178469354585 -0.0276172996042 -1.11045843793 -1.11045843785 -1.11045843784
# dev_log_No:
 0.00000000000 0.00000000000 0.00000000000 0.00000000000 0.00000000000 0.00000000000 0.00000000000 0.00000000000 0.00000000000 0.00000000000 0.00000000000 0.00000000000
# log_F:
 -1.46627132550 -2.30909119466 -1.81969593291 -1.37233502364 -0.741106870940 -0.404816167183 0.0929741859613 0.245088052366 0.141088744966 0.276207459762 -0.101956172816 -0.552885777982 -0.0334091735055 -0.427086168449 -0.656244822257 -0.504293096514 -0.278498341708 -0.203862189869 -0.282921368746 -0.0931397803648 -0.525757433948 0.0199719746624 -0.186155383929 0.284408871871 -0.374224808649 -0.527645445885
# log_qflo:
 -6.44888678367 -5.15436166359 -4.61990977479 -4.57092859018 -4.45173363824
# log_b:
0.00000000000
# log_Lo:
4.00997397990
# log_cv_edad:
-2.30258509299
