# Number of parameters = 62 Objective function value = 19430.7000624107  Maximum gradient component = 0.0320433873964697
# log_L50:
 1.14945057881361 1.38629409797275
# log_sigma1:
 -4.13325536038783 -6.05614193979807
# log_sigma2:
 9.20000000000000 9.20000000000000
# log_Ro:
4.77500000000
# dev_log_Ro:
 1.23608077745 0.193186198983 0.224763501432 -0.0109267745705 0.0338010077722 0.378375451384 0.320760658835 0.423288884960 0.319530590551 -0.782954464286 0.592020683763 -0.0194950967726 0.797749445444 0.237275307954 0.505120849571 0.529481527735 -0.357206039736 0.380862859984 -0.847540161409 0.515979217197 -0.392422579847 0.207863707451 -0.0178563754249 -1.48925754212 -1.48925220000 -1.48922943631
# dev_log_No:
 0.00000000000 0.00000000000 0.00000000000 0.00000000000 0.00000000000 0.00000000000 0.00000000000 0.00000000000 0.00000000000 0.00000000000 0.00000000000 0.00000000000
# log_F:
 -1.40016712861 -2.22820155862 -1.73391839441 -1.36454198459 -0.716991108931 -0.390943470025 0.107262859867 0.264201306034 0.158998791176 0.292940469582 -0.0852785432934 -0.547873326799 -0.0106793198343 -0.411000168299 -0.628073438273 -0.494832346036 -0.258836509334 -0.187037063026 -0.276120338315 -0.0685692199805 -0.521785828464 0.0523121028477 -0.177403654558 0.316167943153 -0.328397812941 -0.456947758638
# log_qflo:
 -6.38348926920 -5.12189487475 -4.60148270021 -4.54845577981 -4.42077548105
# log_b:
0.00000000000
# log_Lo:
4.01171951497
# log_cv_edad:
-2.30258509299
