# Number of parameters = 63 Objective function value = 19423.4999289792  Maximum gradient component = 0.00141120641268532
# log_L50:
 1.09871939476587 1.38629399914931
# log_sigma1:
 -10.6940589735560 -2.90862105738350
# log_sigma2:
 9.20000000000000 9.20000000000000
# log_Ro:
4.61495806397
# dev_log_Ro:
 1.73504182267 -1.38208959450 0.595626767535 0.128286552821 0.193491952568 0.520736886926 0.463586987116 0.553281497366 0.466254529645 -0.721283568818 0.711910584435 0.0693859504498 0.932629321117 0.333201631065 0.632751271009 0.671583040248 -0.277230604476 0.540356436648 -0.838354869250 0.658053775814 -0.303558153680 0.298731251472 0.0495076266380 -2.01063357757 -2.01063416856 -2.01063334869
# dev_log_No:
 0.00000000000 0.00000000000 0.00000000000 0.00000000000 0.00000000000 0.00000000000 0.00000000000 0.00000000000 0.00000000000 0.00000000000 0.00000000000 0.00000000000
# log_F:
 -1.24077190617 -2.03305972540 -1.52101968303 -1.41810257101 -0.639548306143 -0.373289705203 0.131089100903 0.293362227387 0.187025253786 0.319350959720 -0.0577176896777 -0.541033729555 0.0254257025765 -0.384988566149 -0.582297988008 -0.480223129199 -0.227668807629 -0.160253526302 -0.266491243202 -0.0287482174486 -0.520462986623 0.102610911039 -0.165995783637 0.361012295670 -0.264450038402 -0.357955282014
# log_qflo:
 -6.24347015515 -5.07290763928 -4.57242209137 -4.51240115831 -4.37543004735
# log_b:
0.00000000000
# log_Lo:
4.01442313101
# log_cv_edad:
-2.30258509299
