# Number of parameters = 62 Objective function value = 19434.6760397061  Maximum gradient component = 8.21581893865412e-06
# log_L50:
 1.14052272683726 1.38629363400489
# log_sigma1:
 -3.94983329339824 -6.08923727981813
# log_sigma2:
 9.20000000000000 9.20000000000000
# log_Ro:
4.81000000000
# dev_log_Ro:
 1.14009647193 0.248278384343 0.164400022281 -0.0468241386222 -0.00101641135310 0.347711610576 0.289866774301 0.395610099420 0.286774204460 -0.790591202761 0.566764976038 -0.0345851373775 0.767340759166 0.219804178500 0.477463670713 0.498010494172 -0.370096450699 0.344943789183 -0.842351013667 0.483976837783 -0.406487545391 0.192438127336 -0.0234357426900 -1.30269758125 -1.30269758596 -1.30269759042
# dev_log_No:
 0.00000000000 0.00000000000 0.00000000000 0.00000000000 0.00000000000 0.00000000000 0.00000000000 0.00000000000 0.00000000000 0.00000000000 0.00000000000 0.00000000000
# log_F:
 -1.43339695412 -2.26889924398 -1.77722598315 -1.36631410724 -0.729761239733 -0.397482704354 0.100386773292 0.255066478484 0.150430164077 0.284910255461 -0.0933632268269 -0.550081930430 -0.0217589080005 -0.418671599715 -0.641903762569 -0.499254035182 -0.268406600113 -0.195217443518 -0.279234872561 -0.0806603356857 -0.523234936206 0.0364485084006 -0.181241212963 0.300914704265 -0.350267632384 -0.491181010303
# log_qflo:
 -6.41592159192 -5.13744544393 -4.61032351360 -4.55937474131 -4.43570884879
# log_b:
0.00000000000
# log_Lo:
4.01088119305
# log_cv_edad:
-2.30258509299
