# Number of parameters = 62 Objective function value = 19440.5434891034  Maximum gradient component = 0.00558816964423179
# log_L50:
 1.09861238864634 1.38493146473771
# log_sigma1:
 -17.0748448665494 -8.04197234524663
# log_sigma2:
 9.20000000000000 9.20000000000000
# log_Ro:
4.85000000000
# dev_log_Ro:
 1.03717665439 0.273666280399 0.106025317169 -0.0900449131230 -0.0410080401398 0.312735352900 0.254506417464 0.364051062599 0.249670873554 -0.800154965167 0.538622534996 -0.0519173739778 0.733072984359 0.199772042351 0.445987917943 0.462427459670 -0.385507917744 0.305012788946 -0.839611164241 0.448209302882 -0.423033128219 0.176585553336 -0.0281098807678 -1.08271171978 -1.08271171999 -1.08271171981
# dev_log_No:
 0.00000000000 0.00000000000 0.00000000000 0.00000000000 0.00000000000 0.00000000000 0.00000000000 0.00000000000 0.00000000000 0.00000000000 0.00000000000 0.00000000000
# log_F:
 -1.47094277330 -2.31479613715 -1.82570243173 -1.37345965601 -0.742651107583 -0.405912019173 0.0918763803216 0.243599972799 0.139698841721 0.274917638669 -0.103216797061 -0.553331062684 -0.0351099862521 -0.428339262962 -0.658322778151 -0.505057130698 -0.279973388983 -0.205127257966 -0.283490828664 -0.0949458099110 -0.526198968987 0.0175790213586 -0.186939651975 0.281956343391 -0.377802411368 -0.533013470318
# log_qflo:
 -6.45363218414 -5.15687654412 -4.62133130436 -4.57262096842 -4.45410057829
# log_b:
0.00000000000
# log_Lo:
4.00983964442
# log_cv_edad:
-2.30258509299
