# Number of parameters = 62 Objective function value = 19432.8432276076  Maximum gradient component = 3.00684941894828e-06
# log_L50:
 1.09937566178586 1.38629435602741
# log_sigma1:
 -8.06251774973470 -5.37916268859608
# log_sigma2:
 9.20000000000000 9.20000000000000
# log_Ro:
4.79500000000
# dev_log_Ro:
 1.18036163707 0.229702437869 0.188932753689 -0.0311554882830 0.0139220351240 0.360843244384 0.303108938718 0.407459815757 0.300782975430 -0.787250656795 0.577510703732 -0.0281171978206 0.780326040426 0.227291476190 0.489302962996 0.511463561407 -0.364516780739 0.360226692870 -0.844253114509 0.497612609026 -0.400413533527 0.198861195980 -0.0212282666275 -1.38359134623 -1.38359134733 -1.38359134880
# dev_log_No:
 0.00000000000 0.00000000000 0.00000000000 0.00000000000 0.00000000000 0.00000000000 0.00000000000 0.00000000000 0.00000000000 0.00000000000 0.00000000000 0.00000000000
# log_F:
 -1.41920448492 -2.25152495656 -1.75877760967 -1.36492936694 -0.724513320484 -0.394561839993 0.103406022370 0.259093997359 0.154206908164 0.288445423297 -0.0898242027969 -0.549058017463 -0.0169272774981 -0.415280598289 -0.635898897118 -0.497275687135 -0.264229671930 -0.191644133539 -0.277825982477 -0.0754187416729 -0.522475867662 0.0433369995888 -0.179458864977 0.307616431268 -0.340618883893 -0.476206357022
# log_qflo:
 -6.40194824737 -5.13059374457 -4.60643154971 -4.55460760107 -4.42916185663
# log_b:
0.00000000000
# log_Lo:
4.01125002402
# log_cv_edad:
-2.30258509299
