# Number of parameters = 62 Objective function value = 19431.7293027200  Maximum gradient component = 0.000230741469522276
# log_L50:
 1.09861471880150 1.38628631043892
# log_sigma1:
 -13.8829351274013 -5.35079507167839
# log_sigma2:
 9.20000000000000 9.20000000000000
# log_Ro:
4.78500000000
# dev_log_Ro:
 1.20789183824 0.213403203807 0.206348113792 -0.0209338231620 0.0238665033796 0.369607056241 0.311934511547 0.415368902427 0.310148734772 -0.785084628813 0.584738892642 -0.0238044572103 0.789021320566 0.232283333412 0.497205994803 0.520463172942 -0.360849379907 0.370508618219 -0.845792218006 0.506770697543 -0.396406098358 0.203298258646 -0.0196042833060 -1.43679475399 -1.43679475361 -1.43679475662
# dev_log_No:
 0.00000000000 0.00000000000 0.00000000000 0.00000000000 0.00000000000 0.00000000000 0.00000000000 0.00000000000 0.00000000000 0.00000000000 0.00000000000 0.00000000000
# log_F:
 -1.40970348322 -2.23988711516 -1.74638728229 -1.36450409600 -0.720838060998 -0.392708298416 0.105360639556 0.261688363416 0.156639499132 0.290727351939 -0.0875227848336 -0.548438819412 -0.0137726182009 -0.413103056233 -0.631959128841 -0.496024338783 -0.261506130598 -0.189315443227 -0.276948476248 -0.0719711332749 -0.522083852193 0.0478570118408 -0.178385426646 0.311949160068 -0.334412519806 -0.466471864811
# log_qflo:
 -6.39269389717 -5.12617394327 -4.60391966190 -4.55150479801 -4.42491956726
# log_b:
0.00000000000
# log_Lo:
4.01148814937
# log_cv_edad:
-2.30258509299
