# Number of parameters = 62 Objective function value = 19428.8889914073  Maximum gradient component = 9.78623456413461e-06
# log_L50:
 1.09893605246744 1.38617912543988
# log_sigma1:
 -8.94483901324968 -2.97192798423376
# log_sigma2:
 9.20000000000000 9.20000000000000
# log_Ro:
4.75500000000
# dev_log_Ro:
 1.29497847879 0.136946019072 0.265281492624 0.00827833343056 0.0536535924428 0.395972800561 0.338417107995 0.439172919390 0.338344543522 -0.778727241525 0.606766193323 -0.0107662824887 0.815262247794 0.247337231546 0.520959935630 0.547586091869 -0.349990958036 0.401764886257 -0.851574955775 0.534550233955 -0.384537302263 0.217429064432 -0.0138689286936 -1.59107850097 -1.59107850149 -1.59107850138
# dev_log_No:
 0.00000000000 0.00000000000 0.00000000000 0.00000000000 0.00000000000 0.00000000000 0.00000000000 0.00000000000 0.00000000000 0.00000000000 0.00000000000 0.00000000000
# log_F:
 -1.38097656055 -2.20467387782 -1.70871632915 -1.36631092902 -0.708632383828 -0.387728974026 0.110904986827 0.268976364755 0.163456888580 0.297141574740 -0.0809714995112 -0.546907017022 -0.00472444243128 -0.407046116866 -0.620570595134 -0.492639364457 -0.253716825435 -0.182659994193 -0.274641330233 -0.0619500737726 -0.521481080334 0.0609444862056 -0.175754796450 0.324198449929 -0.317038392765 -0.438715150554
# log_qflo:
 -6.36529597585 -5.11374027418 -4.59685809505 -4.54265864881 -4.41290029470
# log_b:
0.00000000000
# log_Lo:
4.01215731045
# log_cv_edad:
-2.30258509299
