# Number of parameters = 63 Objective function value = 4684.33402179492  Maximum gradient component = 0.0839859387499156
# log_L50:
 1.19424653115295 1.30176150420566
# log_sigma1:
 -3.21065495417907 -2.85847449884232
# log_sigma2:
 9.20000000000000 9.20000000000000
# log_Ro:
5.23062489291
# dev_log_Ro:
 1.02480067670 0.472865764371 -0.228368538701 0.0247463261891 0.0105946548751 0.0160229737372 0.0803157587471 0.203569986884 -0.0163636816942 -0.526607034349 0.123184172093 -0.115569530295 0.424518106934 0.113852320710 0.271979516815 0.171111295746 -0.142043614992 -0.0969686737497 -0.456521864696 0.0794777645285 -0.227926098500 -0.135717884126 -0.190931029206 -0.293326641893 -0.293351714733 -0.293343011398
# dev_log_No:
 0.00000000000 0.00000000000 0.00000000000 0.00000000000 0.00000000000 0.00000000000 0.00000000000 0.00000000000 0.00000000000 0.00000000000 0.00000000000 0.00000000000
# log_F:
 -1.37722888843 -2.12302033310 -1.64478391914 -1.31520627927 -0.779358874778 -0.349956065284 0.0889474953631 0.0536612815191 0.0941384829698 0.220415442904 -0.189984560550 -0.559030381487 -0.241693201986 -0.367822542334 -0.663051061635 -0.435578914027 -0.244556491372 -0.182306129663 -0.163507165245 -0.199956668661 -0.432457904468 -0.136345197451 -0.133450737188 0.0322869336931 -0.488663451403 -0.637643801549
# log_qflo:
 -6.27740461034 -5.16183686234 -4.66818786265 -4.59290738331 -4.49805666356
# log_b:
0.00000000000
# log_Lo:
4.02017684017
# log_cv_edad:
-2.30258509299
