# Number of parameters = 63 Objective function value = 4727.86972408833  Maximum gradient component = 0.00466240576511523
# log_L50:
 1.10918098721123 1.28048558350142
# log_sigma1:
 -23.9339439225550 -16.3476117160042
# log_sigma2:
 9.20000000000000 9.20000000000000
# log_Ro:
4.87466151494
# dev_log_Ro:
 0.950136506941 0.262926329756 -0.341062993040 -0.0426917516912 0.0772810164824 0.179044584645 0.227507032417 0.397669973931 0.135748669851 -0.552243561044 0.369962865042 -0.0499140847007 0.672514681218 0.156424660682 0.451932358436 0.347084235402 -0.0509065264990 0.120492515269 -0.465714565296 0.327013545535 -0.152732255913 0.0656737724522 -0.184736393973 -0.967137703410 -0.967136455373 -0.967136457121
# dev_log_No:
 0.00000000000 0.00000000000 0.00000000000 0.00000000000 0.00000000000 0.00000000000 0.00000000000 0.00000000000 0.00000000000 0.00000000000 0.00000000000 0.00000000000
# log_F:
 -1.60595371971 -2.38061203568 -1.90702422005 -1.44395120386 -0.854241441638 -0.452183557513 0.00186188741292 -0.00562841625139 0.0180351999450 0.157976777741 -0.257729652647 -0.616349392754 -0.251394130990 -0.438848088800 -0.679908931108 -0.501868940680 -0.258007150743 -0.204117076082 -0.199992976742 -0.203249471991 -0.480915682348 -0.116404259350 -0.183449652722 0.0432868489697 -0.487722007250 -0.529350531735
# log_qflo:
 -6.48445675953 -5.26662172745 -4.74420450343 -4.63803986495 -4.50311022466
# log_b:
0.00000000000
# log_Lo:
4.01631543944
# log_cv_edad:
-2.30258509299
