# Number of parameters = 63 Objective function value = 4724.43415002166  Maximum gradient component = 2.36488265984705e-06
# log_L50:
 1.10739007056256 1.38629353880768
# log_sigma1:
 -5.56169014836916 -3.99832519998186
# log_sigma2:
 9.20000000000000 9.20000000000000
# log_Ro:
4.88257547529
# dev_log_Ro:
 0.955089920775 0.255652033696 -0.348481913184 -0.0516434708013 0.0745548356679 0.180220865016 0.221444376782 0.396123398619 0.127671062266 -0.552744637863 0.369265677376 -0.0530787576985 0.665789642331 0.144357494979 0.441306039294 0.336586753247 -0.0570995140939 0.111554929048 -0.471136843772 0.319822695507 -0.161084323208 0.0632144060461 -0.187330067979 -0.926684867720 -0.926684867217 -0.926684867111
# dev_log_No:
 0.00000000000 0.00000000000 0.00000000000 0.00000000000 0.00000000000 0.00000000000 0.00000000000 0.00000000000 0.00000000000 0.00000000000 0.00000000000 0.00000000000
# log_F:
 -1.60660528148 -2.38068750029 -1.90745241860 -1.44818090936 -0.858281342234 -0.456313562939 -0.00215135196610 -0.0134801747865 0.00214000710230 0.140972063818 -0.275965568522 -0.631419547425 -0.272633033630 -0.460940295999 -0.703363067909 -0.519808083755 -0.275678701686 -0.219978786339 -0.214050272689 -0.220228847760 -0.494657474231 -0.134120380236 -0.198163347818 0.0254614367466 -0.507863577511 -0.551089222234
# log_qflo:
 -6.48560433291 -5.27216753071 -4.76225250335 -4.66035002238 -4.52152410504
# log_b:
0.00000000000
# log_Lo:
4.01920055483
# log_cv_edad:
-2.30258509299
