# Number of parameters = 63 Objective function value = 4731.31997693786  Maximum gradient component = 0.0533588846611520
# log_L50:
 1.11369134811844 1.38629404490068
# log_sigma1:
 -5.77618130375355 -5.11886928860129
# log_sigma2:
 9.20000000000000 9.20000000000000
# log_Ro:
4.86690768795
# dev_log_Ro:
 0.944480253704 0.270598015727 -0.333761254909 -0.0340167471965 0.0799297671406 0.177979757555 0.233544107642 0.399207686781 0.143782815740 -0.551413135065 0.370725214237 -0.0465403251200 0.679027082808 0.168492620466 0.462338405484 0.357486359622 -0.0446621196147 0.129186424175 -0.459985671595 0.333988079085 -0.144136956379 0.0680979902156 -0.181845618027 -1.00746937360 -1.00748919106 -1.00754418782
# dev_log_No:
 0.00000000000 0.00000000000 0.00000000000 0.00000000000 0.00000000000 0.00000000000 0.00000000000 0.00000000000 0.00000000000 0.00000000000 0.00000000000 0.00000000000
# log_F:
 -1.60547631927 -2.38072691659 -1.90680707928 -1.43974526020 -0.850320880154 -0.448214504386 0.00568816965842 0.00194159783404 0.0335237924316 0.174500624113 -0.239886890429 -0.601713742567 -0.230736877925 -0.417202182378 -0.656961296550 -0.484224950470 -0.240728055649 -0.188556584035 -0.186246151690 -0.186662368626 -0.467440762548 -0.0991585743721 -0.168993515344 0.0605748942962 -0.467988471545 -0.508131772846
# log_qflo:
 -6.48345078011 -5.26130017650 -4.72658367660 -4.61616884616 -4.48507830530
# log_b:
0.00000000000
# log_Lo:
4.01342545948
# log_cv_edad:
-2.30258509299
