# Number of parameters = 63 Objective function value = 4743.48389399219  Maximum gradient component = 0.00129160088803983
# log_L50:
 1.09863715952424 1.36232807020853
# log_sigma1:
 -28.1917894933553 -23.6027329516462
# log_sigma2:
 9.20000000000000 9.20000000000000
# log_Ro:
4.84093346855
# dev_log_Ro:
 0.919231280997 0.301402192206 -0.310218198313 -0.00570491452616 0.0886421974026 0.175034270425 0.254447424087 0.404596400835 0.171464774509 -0.545799696710 0.374080301418 -0.0332159467108 0.700247782957 0.210656416303 0.497122269354 0.393238171879 -0.0225925706277 0.158033798288 -0.437813034474 0.357031073371 -0.112643672380 0.0766211633223 -0.169828897075 -1.14801081259 -1.14801095948 -1.14801081446
# dev_log_No:
 0.00000000000 0.00000000000 0.00000000000 0.00000000000 0.00000000000 0.00000000000 0.00000000000 0.00000000000 0.00000000000 0.00000000000 0.00000000000 0.00000000000
# log_F:
 -1.60506097162 -2.38249669753 -1.90756524383 -1.42517211141 -0.837626128164 -0.435501011846 0.0177401318588 0.0263909837481 0.0846666046454 0.228708853342 -0.180482325191 -0.553725012833 -0.162942572709 -0.345134904215 -0.580711779360 -0.424821238161 -0.183291718946 -0.136425368821 -0.140567193512 -0.131499969055 -0.422385689165 -0.0423136389214 -0.120556582347 0.117206849974 -0.402181551875 -0.437734402454
# log_qflo:
 -6.48096097170 -5.24427028947 -4.66812844855 -4.54320071008 -4.42489427563
# log_b:
0.00000000000
# log_Lo:
4.00326680079
# log_cv_edad:
-2.30258509299
