# Number of parameters = 63 Objective function value = 4726.14996668469  Maximum gradient component = 5.00656658906075e-06
# log_L50:
 1.09882871455966 1.38629435991599
# log_sigma1:
 -9.34285818128773 -3.45952479605038
# log_sigma2:
 9.20000000000000 9.20000000000000
# log_Ro:
4.87859704454
# dev_log_Ro:
 0.952714295137 0.259209813442 -0.344745745693 -0.0471321284352 0.0759277335632 0.179619328579 0.224479635835 0.396897890999 0.131715816781 -0.552538252793 0.369607003517 -0.0515263369317 0.669184064442 0.150386939106 0.446648814008 0.341849041893 -0.0540087388692 0.116054408377 -0.468466012651 0.323447092918 -0.156940807282 0.0644489352777 -0.186070033825 -0.946920923201 -0.946920920127 -0.946920914069
# dev_log_No:
 0.00000000000 0.00000000000 0.00000000000 0.00000000000 0.00000000000 0.00000000000 0.00000000000 0.00000000000 0.00000000000 0.00000000000 0.00000000000 0.00000000000
# log_F:
 -1.60625631323 -2.38062421755 -1.90721007545 -1.44606646183 -0.856245017166 -0.454228542855 -0.000121488973889 -0.00951874710781 0.0101398297778 0.149535990605 -0.266796115849 -0.623827751740 -0.261937828969 -0.449835105495 -0.691568734572 -0.510800753919 -0.266791344637 -0.212007926263 -0.206980345397 -0.211688619464 -0.487750076036 -0.125200384649 -0.190770864972 0.0344437782825 -0.497737810616 -0.540152333096
# log_qflo:
 -6.48501241510 -5.26936721117 -4.75317369444 -4.64913642730 -4.51226659750
# log_b:
0.00000000000
# log_Lo:
4.01775857768
# log_cv_edad:
-2.30258509299
