# Number of parameters = 63 Objective function value = 4739.99698349626  Maximum gradient component = 0.00343710742688536
# log_L50:
 1.25223641293485 1.38629198594981
# log_sigma1:
 -2.52320496372455 -2.67015139471007
# log_sigma2:
 9.20000000000000 9.20000000000000
# log_Ro:
4.84818342394
# dev_log_Ro:
 0.927231861699 0.292104523845 -0.316632534581 -0.0134821300009 0.0862392343635 0.175756283634 0.248514662568 0.403049251949 0.163635396032 -0.547803743157 0.373020842095 -0.0372576307693 0.694399176821 0.198637247304 0.487423200562 0.383125537010 -0.0289672207074 0.150070556145 -0.444524271730 0.350676406940 -0.121888247177 0.0741986004000 -0.173569487263 -1.10798617903 -1.10798595327 -1.10798538369
# dev_log_No:
 0.00000000000 0.00000000000 0.00000000000 0.00000000000 0.00000000000 0.00000000000 0.00000000000 0.00000000000 0.00000000000 0.00000000000 0.00000000000 0.00000000000
# log_F:
 -1.60499520164 -2.38179108025 -1.90712617545 -1.42929456077 -0.841094227288 -0.438952327722 0.0145004284553 0.0197147625834 0.0705143889716 0.213759192633 -0.197001562107 -0.566962010782 -0.181643800708 -0.365189998187 -0.601892601797 -0.441443443935 -0.199250430010 -0.150980928408 -0.153270668175 -0.146816219264 -0.434979088023 -0.0580228879397 -0.134111102874 0.101613991506 -0.420518557875 -0.457268309816
# log_qflo:
 -6.48151524821 -5.24889063704 -4.68435030703 -4.56352435569 -4.44166252459
# log_b:
0.00000000000
# log_Lo:
4.00617644233
# log_cv_edad:
-2.30258509299
