# Number of parameters = 63 Objective function value = 4722.72256266215  Maximum gradient component = 1.85047883659496e-06
# log_L50:
 1.10574417419021 1.38629384998048
# log_sigma1:
 -5.77487257265048 -3.91978372918826
# log_sigma2:
 9.20000000000000 9.20000000000000
# log_Ro:
4.88659691430
# dev_log_Ro:
 0.957272832353 0.252223506893 -0.352252198032 -0.0562256841887 0.0731621463341 0.180851067991 0.218403243047 0.395345826722 0.123617677017 -0.552862720925 0.368942263242 -0.0545769684737 0.662333607859 0.138333135843 0.435903975125 0.331299953610 -0.0601849041191 0.107000281346 -0.473737338419 0.316146217670 -0.165170819727 0.0619749651206 -0.188517429500 -0.906427546393 -0.906427544825 -0.906427545571
# dev_log_No:
 0.00000000000 0.00000000000 0.00000000000 0.00000000000 0.00000000000 0.00000000000 0.00000000000 0.00000000000 0.00000000000 0.00000000000 0.00000000000 0.00000000000
# log_F:
 -1.60700090190 -2.38080202991 -1.90775144504 -1.45029752976 -0.860348563118 -0.458439576245 -0.00422954477725 -0.0175149088099 -0.00596714415713 0.132280746847 -0.285240014974 -0.639128485115 -0.283483090771 -0.472168130026 -0.715292911741 -0.528893966314 -0.284670906767 -0.228031916477 -0.221206570165 -0.228870349434 -0.501643217108 -0.143164311315 -0.205633223538 0.0163387779792 -0.518103206360 -0.562163548087
# log_qflo:
 -6.48623301556 -5.27502489128 -4.77144447058 -4.67168308172 -4.53088542067
# log_b:
0.00000000000
# log_Lo:
4.02064136398
# log_cv_edad:
-2.30258509299
