# Number of parameters = 63 Objective function value = 4729.59314758006  Maximum gradient component = 6.72667068441667e-06
# log_L50:
 1.09885151668454 1.38508833913145
# log_sigma1:
 -9.25955763280871 -2.30238860988631
# log_sigma2:
 9.20000000000000 9.20000000000000
# log_Ro:
4.87076464200
# dev_log_Ro:
 0.947399265028 0.266709425795 -0.337395390825 -0.0383189954418 0.0786154648960 0.178499278920 0.230531081436 0.398439815498 0.139774759060 -0.551863810426 0.370344751139 -0.0482622221294 0.675797416865 0.162455317144 0.457161895324 0.352302210419 -0.0478069113229 0.124887803582 -0.462911724828 0.330543113806 -0.148487684342 0.0669046931235 -0.183338664384 -0.987326965579 -0.987326961326 -0.987326961431
# dev_log_No:
 0.00000000000 0.00000000000 0.00000000000 0.00000000000 0.00000000000 0.00000000000 0.00000000000 0.00000000000 0.00000000000 0.00000000000 0.00000000000 0.00000000000
# log_F:
 -1.60569331021 -2.38064559023 -1.90688917564 -1.44184586216 -0.852266174103 -0.450179179843 0.00379751006551 -0.00180955137390 0.0258257231395 0.166291940256 -0.248764560048 -0.608983549875 -0.241001459201 -0.427985184238 -0.668379912861 -0.493017216862 -0.249323783477 -0.196305200925 -0.193090611526 -0.194905091225 -0.474158719557 -0.107722523073 -0.176207243154 0.0520000673617 -0.477816861304 -0.518679202471
# log_qflo:
 -6.48393593737 -5.26393334360 -4.73534634243 -4.62706062224 -4.49405321140
# log_b:
0.00000000000
# log_Lo:
4.01487096747
# log_cv_edad:
-2.30258509299
