# Number of parameters = 63 Objective function value = 4741.73947902214  Maximum gradient component = 0.00103216581078092
# log_L50:
 1.32233433141045 1.38626312046525
# log_sigma1:
 -2.14124293958153 -2.66920683307521
# log_sigma2:
 9.20000000000000 9.20000000000000
# log_Ro:
4.84454184807
# dev_log_Ro:
 0.923325012130 0.296665464472 -0.313366332190 -0.00956504645706 0.0874493826168 0.175384765862 0.251485759801 0.403821949148 0.167560324459 -0.546843476235 0.373542186978 -0.0352610350267 0.697343912575 0.204651010737 0.492295140834 0.388193356219 -0.0257894001439 0.154081561230 -0.441209075367 0.353877598400 -0.117291698419 0.0754116122315 -0.171728510652 -1.12801127197 -1.12801032089 -1.12801287034
# dev_log_No:
 0.00000000000 0.00000000000 0.00000000000 0.00000000000 0.00000000000 0.00000000000 0.00000000000 0.00000000000 0.00000000000 0.00000000000 0.00000000000 0.00000000000
# log_F:
 -1.60501025475 -2.38212458092 -1.90732420745 -1.42723402993 -0.839341685710 -0.437209698644 0.0161397414040 0.0230826783252 0.0776342667262 0.221285737359 -0.188697997611 -0.560299429014 -0.172227603463 -0.355111016388 -0.591242763714 -0.433098142877 -0.191227795241 -0.143670578687 -0.146887108431 -0.139114341572 -0.428657084476 -0.0501168181871 -0.127308456285 0.109467435495 -0.411305134883 -0.447445260690
# log_qflo:
 -6.48122322215 -5.24655661902 -4.67619361994 -4.55331128331 -4.43323759936
# log_b:
0.00000000000
# log_Lo:
4.00472233360
# log_cv_edad:
-2.30258509299
