# Number of parameters = 63 Objective function value = 4719.31330591531  Maximum gradient component = 0.00512807001685023
# log_L50:
 1.09899490182873 1.38629319166429
# log_sigma1:
 -10.0630475870750 -3.64710138080067
# log_sigma2:
 9.20000000000000 9.20000000000000
# log_Ro:
4.89477344479
# dev_log_Ro:
 0.961051540651 0.245746926811 -0.359871406208 -0.0656061015663 0.0703167213506 0.182200582909 0.212303657850 0.393778837768 0.115491270352 -0.552830577919 0.368341744422 -0.0573992325015 0.655223737028 0.126310755428 0.424914407465 0.320657037449 -0.0663502926324 0.0977304265647 -0.478734963389 0.308636537373 -0.173172396504 0.0594858481187 -0.190673471713 -0.865851997032 -0.865850466253 -0.865849125823
# dev_log_No:
 0.00000000000 0.00000000000 0.00000000000 0.00000000000 0.00000000000 0.00000000000 0.00000000000 0.00000000000 0.00000000000 0.00000000000 0.00000000000 0.00000000000
# log_F:
 -1.60793710238 -2.38119072219 -1.90852583073 -1.45453753545 -0.864574340535 -0.462817205332 -0.00853552815651 -0.0258113588671 -0.0225123472263 0.114506061726 -0.304111003561 -0.654910593802 -0.305658720088 -0.494994409003 -0.739566970604 -0.547303731587 -0.302977937861 -0.244390881771 -0.235790958484 -0.246462639429 -0.515863903614 -0.161632581086 -0.220818110062 -0.00233848990695 -0.538938699509 -0.584734451522
# log_qflo:
 -6.48760371036 -5.28091669642 -4.79017697219 -4.69471345799 -4.54993006285
# log_b:
0.00000000000
# log_Lo:
4.02351964638
# log_cv_edad:
-2.30258509299
