# Number of parameters = 63 Objective function value = 4721.01550822199  Maximum gradient component = 2.67848430054473e-05
# log_L50:
 1.09863776372229 1.38629436061833
# log_sigma1:
 -11.5167623057346 -3.90545326090415
# log_sigma2:
 9.20000000000000 9.20000000000000
# log_Ro:
4.89066251826
# dev_log_Ro:
 0.959259591953 0.248924498817 -0.356051575587 -0.0608793458863 0.0717493471050 0.181510744358 0.215356665526 0.394564651929 0.119556915616 -0.552891688268 0.368636413393 -0.0560201548804 0.658813618478 0.132315323379 0.430441336602 0.325988056113 -0.0632659259934 0.102390564699 -0.476267981979 0.312416872807 -0.169199095294 0.0607303088724 -0.189630381416 -0.886149585072 -0.886149594571 -0.886149580702
# dev_log_No:
 0.00000000000 0.00000000000 0.00000000000 0.00000000000 0.00000000000 0.00000000000 0.00000000000 0.00000000000 0.00000000000 0.00000000000 0.00000000000 0.00000000000
# log_F:
 -1.60744444439 -2.38096927378 -1.90810873593 -1.45241595326 -0.862446374947 -0.460607130985 -0.00635717382101 -0.0216245622434 -0.0141837437514 0.123459391442 -0.294621453438 -0.646957665758 -0.294490685499 -0.483520516711 -0.727359932313 -0.538059603279 -0.293769833881 -0.236169374961 -0.228451544979 -0.237614919468 -0.508710328988 -0.152334665413 -0.213183371042 0.00707257514731 -0.528459561457 -0.573378325948
# log_qflo:
 -6.48689922004 -5.27794039524 -4.78075197511 -4.68313739449 -4.54035308507
# log_b:
0.00000000000
# log_Lo:
4.02208104522
# log_cv_edad:
-2.30258509299
