# Number of parameters = 63 Objective function value = 4738.25658858592  Maximum gradient component = 0.0129483305987122
# log_L50:
 1.10652905182540 1.12441115616926
# log_sigma1:
 -28.1706263664984 -10.9150350219965
# log_sigma2:
 9.20000000000000 9.20000000000000
# log_Ro:
4.85185737448
# dev_log_Ro:
 0.931068554696 0.287458823672 -0.319886419414 -0.0174771419519 0.0850280913106 0.176172405853 0.245536540743 0.402291112008 0.159684809940 -0.548665381346 0.372527141097 -0.0391919272417 0.691420760094 0.192619462069 0.482487709292 0.378054547942 -0.0321649138249 0.146028225662 -0.447795904294 0.347454580769 -0.126471321578 0.0730210654765 -0.175376665714 -1.08785574562 -1.08797865980 -1.08798974984
# dev_log_No:
 0.00000000000 0.00000000000 0.00000000000 0.00000000000 0.00000000000 0.00000000000 0.00000000000 0.00000000000 0.00000000000 0.00000000000 0.00000000000 0.00000000000
# log_F:
 -1.60501369560 -2.38149409222 -1.90696610437 -1.43138813851 -0.842868376120 -0.440730065826 0.0128277962623 0.0162860406201 0.0632888740010 0.206108931493 -0.205416037855 -0.573731951531 -0.191217134130 -0.375399343324 -0.612692060909 -0.449886495997 -0.207393982873 -0.158373824046 -0.159756892192 -0.154616962509 -0.441382840764 -0.0660514034939 -0.141009399033 0.0936266699580 -0.429873505753 -0.467238192264
# log_qflo:
 -6.48183792849 -5.25125429970 -4.69262044178 -4.57387515174 -4.45020329671
# log_b:
0.00000000000
# log_Lo:
4.00762799753
# log_cv_edad:
-2.30258509299
