# Number of parameters = 63 Objective function value = 4734.78287590840  Maximum gradient component = 0.0502581950912114
# log_L50:
 1.14286134057472 1.38629393129407
# log_sigma1:
 -6.78623339077272 -7.06748264080999
# log_sigma2:
 9.20000000000000 9.20000000000000
# log_Ro:
4.85931234441
# dev_log_Ro:
 0.938085859387 0.278890380208 -0.326739288161 -0.0256117739697 0.0825304733768 0.177082723972 0.239456563040 0.400748635658 0.151787954288 -0.550203615035 0.371638055239 -0.0430676111479 0.685339102641 0.180544599755 0.472524980105 0.367810220514 -0.0384446017653 0.137711504579 -0.454073534262 0.340871572027 -0.135458456786 0.0705394123547 -0.178561732435 -1.04790726352 -1.04777040892 -1.04772375114
# dev_log_No:
 0.00000000000 0.00000000000 0.00000000000 0.00000000000 0.00000000000 0.00000000000 0.00000000000 0.00000000000 0.00000000000 0.00000000000 0.00000000000 0.00000000000
# log_F:
 -1.60516744244 -2.38102630694 -1.90679424277 -1.43554642600 -0.846538535650 -0.444402113466 0.00933474630017 0.00921440650542 0.0485003121622 0.190556012260 -0.222441135521 -0.587523949392 -0.210707492972 -0.396125633393 -0.634560345544 -0.466912231452 -0.223870764560 -0.173328489066 -0.172858183653 -0.170458635282 -0.454283430445 -0.0823578548437 -0.154914413503 0.0773397908417 -0.448712324576 -0.487547012062
# log_qflo:
 -6.48257822790 -5.25617880598 -4.70938555743 -4.59483360681 -4.46745008977
# log_b:
0.00000000000
# log_Lo:
4.01052819817
# log_cv_edad:
-2.30258509299
