# Number of parameters = 63 Objective function value = 4746.97783913552  Maximum gradient component = 0.0490580764696559
# log_L50:
 1.28198168579583 1.37598635078606
# log_sigma1:
 -3.79762741939179 -4.19208862569460
# log_sigma2:
 9.20000000000000 9.20000000000000
# log_Ro:
4.83381465812
# dev_log_Ro:
 0.910609423165 0.311157588677 -0.304106651576 0.00179691713971 0.0909634433868 0.174374807610 0.260368017720 0.406170974139 0.179199356766 -0.543470268784 0.375198449926 -0.0289591380396 0.705917595334 0.222722836073 0.506630288074 0.403259343052 -0.0161495321430 0.165801324364 -0.430880509170 0.363220919456 -0.103238624636 0.0790592807842 -0.165860865678 -1.18792493842 -1.18793362295 -1.18792641427
# dev_log_No:
 0.00000000000 0.00000000000 0.00000000000 0.00000000000 0.00000000000 0.00000000000 0.00000000000 0.00000000000 0.00000000000 0.00000000000 0.00000000000 0.00000000000
# log_F:
 -1.60526624732 -2.38335498029 -1.90817037349 -1.42108464337 -0.834294202390 -0.432197264883 0.0208236475249 0.0328346743711 0.0984856849582 0.243239874547 -0.164332895907 -0.540848111345 -0.144768974742 -0.325500216153 -0.560022832981 -0.408469904430 -0.167713163596 -0.122156551037 -0.128146494778 -0.116549553583 -0.410043282023 -0.0270171828167 -0.107242150540 0.132348332501 -0.384224824741 -0.418646444253
# log_qflo:
 -6.48053032648 -5.23984214811 -4.65227111945 -4.52329166079 -4.40847782838
# log_b:
0.00000000000
# log_Lo:
4.00035038564
# log_cv_edad:
-2.30258509299
