# Number of parameters = 63 Objective function value = 4733.04996386795  Maximum gradient component = 0.000913498182770515
# log_L50:
 1.09862199334608 1.38629428511926
# log_sigma1:
 -22.4383841832594 -6.25070889611416
# log_sigma2:
 9.20000000000000 9.20000000000000
# log_Ro:
4.86309082149
# dev_log_Ro:
 0.941356281834 0.274713717402 -0.330240589779 -0.0297793394828 0.0812282396192 0.177485206373 0.236555141125 0.399976049428 0.147785400215 -0.550845883363 0.371157691573 -0.0447914509195 0.682192083360 0.174527588108 0.467453755820 0.362663944008 -0.0415713451359 0.133500747281 -0.457072054907 0.337441318635 -0.139821415510 0.0693455885839 -0.180336646645 -1.02764131226 -1.02764119167 -1.02764152369
# dev_log_No:
 0.00000000000 0.00000000000 0.00000000000 0.00000000000 0.00000000000 0.00000000000 0.00000000000 0.00000000000 0.00000000000 0.00000000000 0.00000000000 0.00000000000
# log_F:
 -1.60530202795 -2.38085479554 -1.90677646074 -1.43763948579 -0.848414266059 -0.446286676428 0.00753587835899 0.00562474463470 0.0411066306856 0.182568552494 -0.231130813279 -0.594572361509 -0.220653164697 -0.406603212106 -0.645712704122 -0.475534458300 -0.232253805595 -0.180908451718 -0.179520026380 -0.178506703235 -0.460846944669 -0.0907119893972 -0.161921588294 0.0690322141016 -0.458319252939 -0.497721411523
# log_qflo:
 -6.48299794296 -5.25871480707 -4.71794480918 -4.60544151859 -4.47622629150
# log_b:
0.00000000000
# log_Lo:
4.01197825514
# log_cv_edad:
-2.30258509299
