# Number of parameters = 63 Objective function value = 4736.51848658186  Maximum gradient component = 0.00826486267352914
# log_L50:
 1.11230733294442 1.38378147646466
# log_sigma1:
 -10.3699604735388 -2.54555832369363
# log_sigma2:
 9.20000000000000 9.20000000000000
# log_Ro:
4.85556497192
# dev_log_Ro:
 0.934672534109 0.283069721738 -0.323240476114 -0.0215091082002 0.0837700186051 0.176572257227 0.242553310881 0.401510175047 0.155746045003 -0.549495366706 0.372051068454 -0.0411254283134 0.688390673811 0.186589234111 0.477538471852 0.372944515501 -0.0352994616831 0.141894608214 -0.450936554965 0.344146925105 -0.130946293131 0.0717740207873 -0.177070359925 -1.06786645231 -1.06786735791 -1.06786672119
# dev_log_No:
 0.00000000000 0.00000000000 0.00000000000 0.00000000000 0.00000000000 0.00000000000 0.00000000000 0.00000000000 0.00000000000 0.00000000000 0.00000000000 0.00000000000
# log_F:
 -1.60507082345 -2.38123835773 -1.90685713403 -1.43346836501 -0.844682855906 -0.442548106686 0.0111001414163 0.0127945086840 0.0559978582159 0.198383401211 -0.213879497383 -0.580573753127 -0.200871886136 -0.385675633514 -0.623550926483 -0.458345305213 -0.215564853794 -0.165802289218 -0.166254413455 -0.162479332325 -0.447790062268 -0.0741529133530 -0.147890302970 0.0855598438444 -0.439224335405 -0.477260120865
# log_qflo:
 -6.48219267779 -5.25370495296 -4.70095203338 -4.58426585412 -4.45876808632
# log_b:
0.00000000000
# log_Lo:
4.00908018432
# log_cv_edad:
-2.30258509299
