# Number of parameters = 63 Objective function value = 4745.23007039023  Maximum gradient component = 6.46049034942820e-06
# log_L50:
 1.33666778398098 1.38459273253118
# log_sigma1:
 -2.06585691067100 -2.01375103052159
# log_sigma2:
 9.20000000000000 9.20000000000000
# log_Ro:
4.83735573815
# dev_log_Ro:
 0.915005400369 0.306203719463 -0.307135785134 -0.00190192401892 0.0898202255183 0.174706707736 0.257402698677 0.405373632773 0.175352884004 -0.544676927208 0.374640962781 -0.0311268235588 0.703115295157 0.216653292623 0.501905908405 0.398263737632 -0.0193802092657 0.161937380604 -0.434355108547 0.360147744609 -0.107957598772 0.0778336134626 -0.167874098029 -1.16798490863 -1.16798491024 -1.16798491041
# dev_log_No:
 0.00000000000 0.00000000000 0.00000000000 0.00000000000 0.00000000000 0.00000000000 0.00000000000 0.00000000000 0.00000000000 0.00000000000 0.00000000000 0.00000000000
# log_F:
 -1.60514454050 -2.38290415970 -1.90784569162 -1.42312386587 -0.835941427772 -0.433826010302 0.0193029888153 0.0296420585670 0.0916123639082 0.236029243480 -0.172353237689 -0.547238880429 -0.153785771648 -0.335263251472 -0.570298433495 -0.416613325064 -0.175442099883 -0.129244798661 -0.134312098475 -0.123970239886 -0.416167760187 -0.0346090387340 -0.113860137113 0.124838541710 -0.393146158845 -0.428131470316
# log_qflo:
 -6.48072805426 -5.24202917399 -4.66015387665 -4.53319237040 -4.41663146902
# log_b:
0.00000000000
# log_Lo:
4.00180973298
# log_cv_edad:
-2.30258509299
